    0    0    0    *    0    0    0    0    0    0
    s    w    S    *    0    0    0    0    0    0
    s    *    *    0    0    0    0    0    0    0
    e    e    e    e    e    e    e    s    0    0
    0    0    0    0    0    0    *    s    0    0
    0    0    0    0    0    0    *    s    0    0
    0    0    0    0    0    0    *    s    0    0
    0    0    0    0    0    0    *    s    0    0
    0    0    0    0    0    0    *    D    0    0
    0    0    0    0    0    0    0    0    0    0
